start pl/0
 p   b   t     f   l   a                 0   1   2   3   4   5   6   7   8   9  10  11  12  13  14
 === === ===   === === ===             === === === === === === === === === === === === === === ===
   0   0  -1   INT   0   4      s[] :    0   0   0   0
   1   0   3   LIT   0   5      s[] :    0   0   0   0   5
   2   0   4   STO   0   7      s[] :    0   0   0   0
   3   0   3   CAL   0   7      s[] :    0   0   0   0
   7   4   3   INT   0   5      s[] :    0   0   0   0   0   0   4   5   0
   8   4   8   LOD   0   3      s[] :    0   0   0   0   0   0   4   5   0   5
   9   4   9   LIT   0   1      s[] :    0   0   0   0   0   0   4   5   0   5   1
  10   4  10   OPR   0   8      s[] :    0   0   0   0   0   0   4   5   0   0
  11   4   9   JPC   0  24      s[] :    0   0   0   0   0   0   4   5   0
  12   4   8   LOD   0   3      s[] :    0   0   0   0   0   0   4   5   0   5
  13   4   9   LIT   0   1      s[] :    0   0   0   0   0   0   4   5   0   5   1
  14   4  10   OPR   0   3      s[] :    0   0   0   0   0   0   4   5   0   4
  15   4   9   STO   0   8      s[] :    0   0   0   0   0   0   4   5   0
  16   4   8   CAL   0   7      s[] :    0   0   0   0   0   0   4   5   0
   7   9   8   INT   0   5      s[] :    0   0   0   0   0   0   4   5   0   4   4  17   4   0
   8   9  13   LOD   0   3      s[] :    0   0   0   0   0   0   4   5   0   4   4  17   4   0   4
   9   9  14   LIT   0   1      s[] :    0   0   0   0   0   0   4   5   0   4   4  17   4   0   4   1
  10   9  15   OPR   0   8      s[] :    0   0   0   0   0   0   4   5   0   4   4  17   4   0   0
  11   9  14   JPC   0  24      s[] :    0   0   0   0   0   0   4   5   0   4   4  17   4   0
  12   9  13   LOD   0   3      s[] :    0   0   0   0   0   0   4   5   0   4   4  17   4   0   4
  13   9  14   LIT   0   1      s[] :    0   0   0   0   0   0   4   5   0   4   4  17   4   0   4   1
  14   9  15   OPR   0   3      s[] :    0   0   0   0   0   0   4   5   0   4   4  17   4   0   3
  15   9  14   STO   0   8      s[] :    0   0   0   0   0   0   4   5   0   4   4  17   4   0
  16   9  13   CAL   0   7      s[] :    0   0   0   0   0   0   4   5   0   4   4  17   4   0
   7  14  13   INT   0   5      s[] :    0   0   0   0   0   0   4   5   0   4   4  17   4   0   9   9  17   3   0
   8  14  18   LOD   0   3      s[] :    0   0   0   0   0   0   4   5   0   4   4  17   4   0   9   9  17   3   0   3
   9  14  19   LIT   0   1      s[] :    0   0   0   0   0   0   4   5   0   4   4  17   4   0   9   9  17   3   0   3   1
  10  14  20   OPR   0   8      s[] :    0   0   0   0   0   0   4   5   0   4   4  17   4   0   9   9  17   3   0   0
  11  14  19   JPC   0  24      s[] :    0   0   0   0   0   0   4   5   0   4   4  17   4   0   9   9  17   3   0
  12  14  18   LOD   0   3      s[] :    0   0   0   0   0   0   4   5   0   4   4  17   4   0   9   9  17   3   0   3
  13  14  19   LIT   0   1      s[] :    0   0   0   0   0   0   4   5   0   4   4  17   4   0   9   9  17   3   0   3   1
  14  14  20   OPR   0   3      s[] :    0   0   0   0   0   0   4   5   0   4   4  17   4   0   9   9  17   3   0   2
  15  14  19   STO   0   8      s[] :    0   0   0   0   0   0   4   5   0   4   4  17   4   0   9   9  17   3   0
  16  14  18   CAL   0   7      s[] :    0   0   0   0   0   0   4   5   0   4   4  17   4   0   9   9  17   3   0
   7  19  18   INT   0   5      s[] :    0   0   0   0   0   0   4   5   0   4   4  17   4   0   9   9  17   3   0  14  14  17   2   0
   8  19  23   LOD   0   3      s[] :    0   0   0   0   0   0   4   5   0   4   4  17   4   0   9   9  17   3   0  14  14  17   2   0   2
   9  19  24   LIT   0   1      s[] :    0   0   0   0   0   0   4   5   0   4   4  17   4   0   9   9  17   3   0  14  14  17   2   0   2   1
  10  19  25   OPR   0   8      s[] :    0   0   0   0   0   0   4   5   0   4   4  17   4   0   9   9  17   3   0  14  14  17   2   0   0
  11  19  24   JPC   0  24      s[] :    0   0   0   0   0   0   4   5   0   4   4  17   4   0   9   9  17   3   0  14  14  17   2   0
  12  19  23   LOD   0   3      s[] :    0   0   0   0   0   0   4   5   0   4   4  17   4   0   9   9  17   3   0  14  14  17   2   0   2
  13  19  24   LIT   0   1      s[] :    0   0   0   0   0   0   4   5   0   4   4  17   4   0   9   9  17   3   0  14  14  17   2   0   2   1
  14  19  25   OPR   0   3      s[] :    0   0   0   0   0   0   4   5   0   4   4  17   4   0   9   9  17   3   0  14  14  17   2   0   1
  15  19  24   STO   0   8      s[] :    0   0   0   0   0   0   4   5   0   4   4  17   4   0   9   9  17   3   0  14  14  17   2   0
  16  19  23   CAL   0   7      s[] :    0   0   0   0   0   0   4   5   0   4   4  17   4   0   9   9  17   3   0  14  14  17   2   0
   7  24  23   INT   0   5      s[] :    0   0   0   0   0   0   4   5   0   4   4  17   4   0   9   9  17   3   0  14  14  17   2   0  19  19  17   1   0
   8  24  28   LOD   0   3      s[] :    0   0   0   0   0   0   4   5   0   4   4  17   4   0   9   9  17   3   0  14  14  17   2   0  19  19  17   1   0   1
   9  24  29   LIT   0   1      s[] :    0   0   0   0   0   0   4   5   0   4   4  17   4   0   9   9  17   3   0  14  14  17   2   0  19  19  17   1   0   1   1
  10  24  30   OPR   0   8      s[] :    0   0   0   0   0   0   4   5   0   4   4  17   4   0   9   9  17   3   0  14  14  17   2   0  19  19  17   1   0   1
  11  24  29   JPC   0  24      s[] :    0   0   0   0   0   0   4   5   0   4   4  17   4   0   9   9  17   3   0  14  14  17   2   0  19  19  17   1   0
  24  24  28   LOD   0   3      s[] :    0   0   0   0   0   0   4   5   0   4   4  17   4   0   9   9  17   3   0  14  14  17   2   0  19  19  17   1   0   1
  25  24  29   STO   0   4      s[] :    0   0   0   0   0   0   4   5   0   4   4  17   4   0   9   9  17   3   0  14  14  17   2   0  19  19  17   1   1
  26  24  28   OPR   0   0      s[] :    0   0   0   0   0   0   4   5   0   4   4  17   4   0   9   9  17   3   0  14  14  17   2   0
  17  19  23   LOD   0   8      s[] :    0   0   0   0   0   0   4   5   0   4   4  17   4   0   9   9  17   3   0  14  14  17   2   0   1
  18  19  24   LOD   0   9      s[] :    0   0   0   0   0   0   4   5   0   4   4  17   4   0   9   9  17   3   0  14  14  17   2   0   1   1
  19  19  25   OPR   0   2      s[] :    0   0   0   0   0   0   4   5   0   4   4  17   4   0   9   9  17   3   0  14  14  17   2   0   2
  20  19  24   STO   0   4      s[] :    0   0   0   0   0   0   4   5   0   4   4  17   4   0   9   9  17   3   0  14  14  17   2   2
  21  19  23   LOD   0   9      s[] :    0   0   0   0   0   0   4   5   0   4   4  17   4   0   9   9  17   3   0  14  14  17   2   2   1
  22  19  24   STO   0   3      s[] :    0   0   0   0   0   0   4   5   0   4   4  17   4   0   9   9  17   3   0  14  14  17   1   2
  23  19  23   OPR   0   0      s[] :    0   0   0   0   0   0   4   5   0   4   4  17   4   0   9   9  17   3   0
  17  14  18   LOD   0   8      s[] :    0   0   0   0   0   0   4   5   0   4   4  17   4   0   9   9  17   3   0   1
  18  14  19   LOD   0   9      s[] :    0   0   0   0   0   0   4   5   0   4   4  17   4   0   9   9  17   3   0   1   2
  19  14  20   OPR   0   2      s[] :    0   0   0   0   0   0   4   5   0   4   4  17   4   0   9   9  17   3   0   3
  20  14  19   STO   0   4      s[] :    0   0   0   0   0   0   4   5   0   4   4  17   4   0   9   9  17   3   3
  21  14  18   LOD   0   9      s[] :    0   0   0   0   0   0   4   5   0   4   4  17   4   0   9   9  17   3   3   2
  22  14  19   STO   0   3      s[] :    0   0   0   0   0   0   4   5   0   4   4  17   4   0   9   9  17   2   3
  23  14  18   OPR   0   0      s[] :    0   0   0   0   0   0   4   5   0   4   4  17   4   0
  17   9  13   LOD   0   8      s[] :    0   0   0   0   0   0   4   5   0   4   4  17   4   0   2
  18   9  14   LOD   0   9      s[] :    0   0   0   0   0   0   4   5   0   4   4  17   4   0   2   3
  19   9  15   OPR   0   2      s[] :    0   0   0   0   0   0   4   5   0   4   4  17   4   0   5
  20   9  14   STO   0   4      s[] :    0   0   0   0   0   0   4   5   0   4   4  17   4   5
  21   9  13   LOD   0   9      s[] :    0   0   0   0   0   0   4   5   0   4   4  17   4   5   3
  22   9  14   STO   0   3      s[] :    0   0   0   0   0   0   4   5   0   4   4  17   3   5
  23   9  13   OPR   0   0      s[] :    0   0   0   0   0   0   4   5   0
  17   4   8   LOD   0   8      s[] :    0   0   0   0   0   0   4   5   0   3
  18   4   9   LOD   0   9      s[] :    0   0   0   0   0   0   4   5   0   3   5
  19   4  10   OPR   0   2      s[] :    0   0   0   0   0   0   4   5   0   8
  20   4   9   STO   0   4      s[] :    0   0   0   0   0   0   4   5   8
  21   4   8   LOD   0   9      s[] :    0   0   0   0   0   0   4   5   8   5
  22   4   9   STO   0   3      s[] :    0   0   0   0   0   0   4   5   8
  23   4   8   OPR   0   0      s[] :    0   0   0   0
   4   0   3   LOD   0   7      s[] :    0   0   0   0   5
   5   0   4   STO   0   3      s[] :    0   0   0   5
   6   0   3   OPR   0   0      s[] : 
 === === ===   === === ===             === === === === === === === === === === === === === === ===
 p   b   t     f   l   a                 0   1   2   3   4   5   6   7   8   9  10  11  12  13  14
 end pl/0