Iniciar PL/0
inst:   p:      b:      t:      s[1]:       s[2]:       s[3]:       s[4]:       s[5]:       s[6]:       s[7]: 
=============================================================================================================
INT     1       1       5        0           0           0           -1283656528             32767
LIT     2       1       6        0           0           0           -1283656528             32767           1
STO     3       1       5        0           0           0           1           32767
LIT     4       1       6        0           0           0           1           32767           1
STO     5       1       5        0           0           0           1           1
LOD     6       1       6        0           0           0           1           1           1
LIT     7       1       7        0           0           0           1           1           1           1
OPR     8       1       6        0           0           0           1           1           2
STO     9       1       5        0           0           0           2           1
LOD     10      1       6        0           0           0           2           1           2
LOD     11      1       7        0           0           0           2           1           2           1
OPR     12      1       6        0           0           0           2           1           3
STO     13      1       5        0           0           0           2           3
LIT     14      1       6        0           0           0           2           3           10
LOD     15      1       7        0           0           0           2           3           10          2
OPR     16      1       6        0           0           0           2           3           8
JPC     17      1       5        0           0           0           2           3
JMP     5       1       5        0           0           0           2           3
LOD     6       1       6        0           0           0           2           3           2
LIT     7       1       7        0           0           0           2           3           2           1
OPR     8       1       6        0           0           0           2           3           3
STO     9       1       5        0           0           0           3           3
LOD     10      1       6        0           0           0           3           3           3
LOD     11      1       7        0           0           0           3           3           3           3
OPR     12      1       6        0           0           0           3           3           6
STO     13      1       5        0           0           0           3           6
LIT     14      1       6        0           0           0           3           6           10
LOD     15      1       7        0           0           0           3           6           10          3
OPR     16      1       6        0           0           0           3           6           7
JPC     17      1       5        0           0           0           3           6
JMP     5       1       5        0           0           0           3           6
LOD     6       1       6        0           0           0           3           6           3
LIT     7       1       7        0           0           0           3           6           3           1
OPR     8       1       6        0           0           0           3           6           4
STO     9       1       5        0           0           0           4           6
LOD     10      1       6        0           0           0           4           6           4
LOD     11      1       7        0           0           0           4           6           4           6
OPR     12      1       6        0           0           0           4           6           10
STO     13      1       5        0           0           0           4           10
LIT     14      1       6        0           0           0           4           10          10
LOD     15      1       7        0           0           0           4           10          10          4
OPR     16      1       6        0           0           0           4           10          6
JPC     17      1       5        0           0           0           4           10
JMP     5       1       5        0           0           0           4           10
LOD     6       1       6        0           0           0           4           10          4
LIT     7       1       7        0           0           0           4           10          4           1
OPR     8       1       6        0           0           0           4           10          5
STO     9       1       5        0           0           0           5           10
LOD     10      1       6        0           0           0           5           10          5
LOD     11      1       7        0           0           0           5           10          5           10
OPR     12      1       6        0           0           0           5           10          15
STO     13      1       5        0           0           0           5           15
LIT     14      1       6        0           0           0           5           15          10
LOD     15      1       7        0           0           0           5           15          10          5
OPR     16      1       6        0           0           0           5           15          5
JPC     17      1       5        0           0           0           5           15
JMP     5       1       5        0           0           0           5           15
LOD     6       1       6        0           0           0           5           15          5
LIT     7       1       7        0           0           0           5           15          5           1
OPR     8       1       6        0           0           0           5           15          6
STO     9       1       5        0           0           0           6           15
LOD     10      1       6        0           0           0           6           15          6
LOD     11      1       7        0           0           0           6           15          6           15
OPR     12      1       6        0           0           0           6           15          21
STO     13      1       5        0           0           0           6           21
LIT     14      1       6        0           0           0           6           21          10
LOD     15      1       7        0           0           0           6           21          10          6
OPR     16      1       6        0           0           0           6           21          4
JPC     17      1       5        0           0           0           6           21
JMP     5       1       5        0           0           0           6           21
LOD     6       1       6        0           0           0           6           21          6
LIT     7       1       7        0           0           0           6           21          6           1
OPR     8       1       6        0           0           0           6           21          7
STO     9       1       5        0           0           0           7           21
LOD     10      1       6        0           0           0           7           21          7
LOD     11      1       7        0           0           0           7           21          7           21
OPR     12      1       6        0           0           0           7           21          28
STO     13      1       5        0           0           0           7           28
LIT     14      1       6        0           0           0           7           28          10
LOD     15      1       7        0           0           0           7           28          10          7
OPR     16      1       6        0           0           0           7           28          3
JPC     17      1       5        0           0           0           7           28
JMP     5       1       5        0           0           0           7           28
LOD     6       1       6        0           0           0           7           28          7
LIT     7       1       7        0           0           0           7           28          7           1
OPR     8       1       6        0           0           0           7           28          8
STO     9       1       5        0           0           0           8           28
LOD     10      1       6        0           0           0           8           28          8
LOD     11      1       7        0           0           0           8           28          8           28
OPR     12      1       6        0           0           0           8           28          36
STO     13      1       5        0           0           0           8           36
LIT     14      1       6        0           0           0           8           36          10
LOD     15      1       7        0           0           0           8           36          10          8
OPR     16      1       6        0           0           0           8           36          2
JPC     17      1       5        0           0           0           8           36
JMP     5       1       5        0           0           0           8           36
LOD     6       1       6        0           0           0           8           36          8
LIT     7       1       7        0           0           0           8           36          8           1
OPR     8       1       6        0           0           0           8           36          9
STO     9       1       5        0           0           0           9           36
LOD     10      1       6        0           0           0           9           36          9
LOD     11      1       7        0           0           0           9           36          9           36
OPR     12      1       6        0           0           0           9           36          45
STO     13      1       5        0           0           0           9           45
LIT     14      1       6        0           0           0           9           45          10
LOD     15      1       7        0           0           0           9           45          10          9
OPR     16      1       6        0           0           0           9           45          1
JPC     17      1       5        0           0           0           9           45
JMP     5       1       5        0           0           0           9           45
LOD     6       1       6        0           0           0           9           45          9
LIT     7       1       7        0           0           0           9           45          9           1
OPR     8       1       6        0           0           0           9           45          10
STO     9       1       5        0           0           0           10          45
LOD     10      1       6        0           0           0           10          45          10
LOD     11      1       7        0           0           0           10          45          10          45
OPR     12      1       6        0           0           0           10          45          55
STO     13      1       5        0           0           0           10          55
LIT     14      1       6        0           0           0           10          55          10
LOD     15      1       7        0           0           0           10          55          10          10
OPR     16      1       6        0           0           0           10          55          0
JPC     18      1       5        0           0           0           10          55
OPR     0       0       0
Fim PL/0