 start pl/0
 p   b   t     f   l   a                 0   1   2   3   4   5   6   7   8   9  10  11  12  13  14
 === === ===   === === ===             === === === === === === === === === === === === === === ===
   0   0  -1   JMP   0   9      s[] : 
   9   0  -1   INT   0   7      s[] :    0   0   0   0   0   0   0
  10   0   6   LIT   0   5      s[] :    0   0   0   0   0   0   0   5
  11   0   7   STO   0   4      s[] :    0   0   0   0   5   0   0
  12   0   6   LIT   0   3      s[] :    0   0   0   0   5   0   0   3
  13   0   7   STO   0   5      s[] :    0   0   0   0   5   3   0
  14   0   6   LOD   0   4      s[] :    0   0   0   0   5   3   0   5
  15   0   7   STO   0  11      s[] :    0   0   0   0   5   3   0
  16   0   6   LOD   0   5      s[] :    0   0   0   0   5   3   0   3
  17   0   7   STO   0  12      s[] :    0   0   0   0   5   3   0
  18   0   6   CAL   0   1      s[] :    0   0   0   0   5   3   0
   1   7   6   INT   0   7      s[] :    0   0   0   0   5   3   0   0   0  19   0   5   3   0
   2   7  13   LOD   0   4      s[] :    0   0   0   0   5   3   0   0   0  19   0   5   3   0   5
   3   7  14   LOD   0   5      s[] :    0   0   0   0   5   3   0   0   0  19   0   5   3   0   5   3
   4   7  15   OPR   0   2      s[] :    0   0   0   0   5   3   0   0   0  19   0   5   3   0   8
   5   7  14   STO   0   6      s[] :    0   0   0   0   5   3   0   0   0  19   0   5   3   8
   6   7  13   LOD   0   6      s[] :    0   0   0   0   5   3   0   0   0  19   0   5   3   8   8
   7   7  14   STO   1   6      s[] :    0   0   0   0   5   3   8   0   0  19   0   5   3   8
   8   7  13   OPR   0   0      s[] :    0   0   0   0   5   3   8
  19   0   6   OPR   0   0      s[] : 
 === === ===   === === ===             === === === === === === === === === === === === === === ===
 p   b   t     f   l   a                 0   1   2   3   4   5   6   7   8   9  10  11  12  13  14
 end pl/0