start pl/0
 p   b   t     f   l   a                0   1   2   3   4   5   6   7   8   9  10  11  12  13  14  15  16  17  18
 === === ===   === === ===             === === === === === === === === === === === === === === === === === === ===
   0   0  -1   JMP   0  17      s[] : 
  17   0  -1   INT   0  10      s[] :    0   0   0   0   0   0   0   0   0   0
  18   0   9   LIT   0   1      s[] :    0   0   0   0   0   0   0   0   0   0   1
  19   0  10   STO   0   4      s[] :    0   0   0   0   1   0   0   0   0   0
  20   0   9   LIT   0   2      s[] :    0   0   0   0   1   0   0   0   0   0   2
  21   0  10   STO   0   5      s[] :    0   0   0   0   1   2   0   0   0   0
  22   0   9   LIT   0   3      s[] :    0   0   0   0   1   2   0   0   0   0   3
  23   0  10   STO   0   6      s[] :    0   0   0   0   1   2   3   0   0   0
  24   0   9   LIT   0   4      s[] :    0   0   0   0   1   2   3   0   0   0   4
  25   0  10   STO   0   7      s[] :    0   0   0   0   1   2   3   4   0   0
  26   0   9   LOD   0   7      s[] :    0   0   0   0   1   2   3   4   0   0   4
  27   0  10   STO   0  14      s[] :    0   0   0   0   1   2   3   4   0   0
  28   0   9   LOD   0   7      s[] :    0   0   0   0   1   2   3   4   0   0   4
  29   0  10   STO   0  15      s[] :    0   0   0   0   1   2   3   4   0   0
  30   0   9   CAL   0   9      s[] :    0   0   0   0   1   2   3   4   0   0
   9  10   9   INT   0   7      s[] :    0   0   0   0   1   2   3   4   0   0   0   0  31   0   4   4   0
  10  10  16   LOD   0   5      s[] :    0   0   0   0   1   2   3   4   0   0   0   0  31   0   4   4   0   4
  11  10  17   LOD   0   4      s[] :    0   0   0   0   1   2   3   4   0   0   0   0  31   0   4   4   0   4   4
  12  10  18   OPR   0   4      s[] :    0   0   0   0   1   2   3   4   0   0   0   0  31   0   4   4   0  16
  13  10  17   STO   0   6      s[] :    0   0   0   0   1   2   3   4   0   0   0   0  31   0   4   4  16
  14  10  16   LOD   0   6      s[] :    0   0   0   0   1   2   3   4   0   0   0   0  31   0   4   4  16  16
  15  10  17   STO   1   8      s[] :    0   0   0   0   1   2   3   4  16   0   0   0  31   0   4   4  16
  16  10  16   OPR   0   0      s[] :    0   0   0   0   1   2   3   4  16   0
  31   0   9   LOD   0   4      s[] :    0   0   0   0   1   2   3   4  16   0   1
  32   0  10   STO   0  14      s[] :    0   0   0   0   1   2   3   4  16   0
  33   0   9   LOD   0   8      s[] :    0   0   0   0   1   2   3   4  16   0  16
  34   0  10   STO   0  15      s[] :    0   0   0   0   1   2   3   4  16   0
  35   0   9   CAL   0   9      s[] :    0   0   0   0   1   2   3   4  16   0
   9  10   9   INT   0   7      s[] :    0   0   0   0   1   2   3   4  16   0   0   0  36   0   1  16  16
  10  10  16   LOD   0   5      s[] :    0   0   0   0   1   2   3   4  16   0   0   0  36   0   1  16  16  16
  11  10  17   LOD   0   4      s[] :    0   0   0   0   1   2   3   4  16   0   0   0  36   0   1  16  16  16   1
  12  10  18   OPR   0   4      s[] :    0   0   0   0   1   2   3   4  16   0   0   0  36   0   1  16  16  16
  13  10  17   STO   0   6      s[] :    0   0   0   0   1   2   3   4  16   0   0   0  36   0   1  16  16
  14  10  16   LOD   0   6      s[] :    0   0   0   0   1   2   3   4  16   0   0   0  36   0   1  16  16  16
  15  10  17   STO   1   8      s[] :    0   0   0   0   1   2   3   4  16   0   0   0  36   0   1  16  16
  16  10  16   OPR   0   0      s[] :    0   0   0   0   1   2   3   4  16   0
  36   0   9   LOD   0   8      s[] :    0   0   0   0   1   2   3   4  16   0  16
  37   0  10   STO   0   9      s[] :    0   0   0   0   1   2   3   4  16  16
  38   0   9   LOD   0   5      s[] :    0   0   0   0   1   2   3   4  16  16   2
  39   0  10   STO   0  14      s[] :    0   0   0   0   1   2   3   4  16  16
  40   0   9   LOD   0   7      s[] :    0   0   0   0   1   2   3   4  16  16   4
  41   0  10   STO   0  15      s[] :    0   0   0   0   1   2   3   4  16  16
  42   0   9   CAL   0   9      s[] :    0   0   0   0   1   2   3   4  16  16
   9  10   9   INT   0   7      s[] :    0   0   0   0   1   2   3   4  16  16   0   0  43   0   2   4  16
  10  10  16   LOD   0   5      s[] :    0   0   0   0   1   2   3   4  16  16   0   0  43   0   2   4  16   4
  11  10  17   LOD   0   4      s[] :    0   0   0   0   1   2   3   4  16  16   0   0  43   0   2   4  16   4   2
  12  10  18   OPR   0   4      s[] :    0   0   0   0   1   2   3   4  16  16   0   0  43   0   2   4  16   8
  13  10  17   STO   0   6      s[] :    0   0   0   0   1   2   3   4  16  16   0   0  43   0   2   4   8
  14  10  16   LOD   0   6      s[] :    0   0   0   0   1   2   3   4  16  16   0   0  43   0   2   4   8   8
  15  10  17   STO   1   8      s[] :    0   0   0   0   1   2   3   4   8  16   0   0  43   0   2   4   8
  16  10  16   OPR   0   0      s[] :    0   0   0   0   1   2   3   4   8  16
  43   0   9   LOD   0   9      s[] :    0   0   0   0   1   2   3   4   8  16  16
  44   0  10   STO   0  14      s[] :    0   0   0   0   1   2   3   4   8  16
  45   0   9   LOD   0   8      s[] :    0   0   0   0   1   2   3   4   8  16   8
  46   0  10   STO   0  15      s[] :    0   0   0   0   1   2   3   4   8  16
  47   0   9   CAL   0   1      s[] :    0   0   0   0   1   2   3   4   8  16
   1  10   9   INT   0   7      s[] :    0   0   0   0   1   2   3   4   8  16   0   0  48   0  16   8   8
   2  10  16   LOD   0   4      s[] :    0   0   0   0   1   2   3   4   8  16   0   0  48   0  16   8   8  16
   3  10  17   LOD   0   5      s[] :    0   0   0   0   1   2   3   4   8  16   0   0  48   0  16   8   8  16   8
   4  10  18   OPR   0   2      s[] :    0   0   0   0   1   2   3   4   8  16   0   0  48   0  16   8   8  24
   5  10  17   STO   0   6      s[] :    0   0   0   0   1   2   3   4   8  16   0   0  48   0  16   8  24
   6  10  16   LOD   0   6      s[] :    0   0   0   0   1   2   3   4   8  16   0   0  48   0  16   8  24  24
   7  10  17   STO   1   9      s[] :    0   0   0   0   1   2   3   4   8  24   0   0  48   0  16   8  24
   8  10  16   OPR   0   0      s[] :    0   0   0   0   1   2   3   4   8  24
  48   0   9   LOD   0   6      s[] :    0   0   0   0   1   2   3   4   8  24   3
  49   0  10   STO   0  14      s[] :    0   0   0   0   1   2   3   4   8  24
  50   0   9   LOD   0   9      s[] :    0   0   0   0   1   2   3   4   8  24  24
  51   0  10   STO   0  15      s[] :    0   0   0   0   1   2   3   4   8  24
  52   0   9   CAL   0   1      s[] :    0   0   0   0   1   2   3   4   8  24
   1  10   9   INT   0   7      s[] :    0   0   0   0   1   2   3   4   8  24   0   0  53   0   3  24  24
   2  10  16   LOD   0   4      s[] :    0   0   0   0   1   2   3   4   8  24   0   0  53   0   3  24  24   3
   3  10  17   LOD   0   5      s[] :    0   0   0   0   1   2   3   4   8  24   0   0  53   0   3  24  24   3  24
   4  10  18   OPR   0   2      s[] :    0   0   0   0   1   2   3   4   8  24   0   0  53   0   3  24  24  27
   5  10  17   STO   0   6      s[] :    0   0   0   0   1   2   3   4   8  24   0   0  53   0   3  24  27
   6  10  16   LOD   0   6      s[] :    0   0   0   0   1   2   3   4   8  24   0   0  53   0   3  24  27  27
   7  10  17   STO   1   9      s[] :    0   0   0   0   1   2   3   4   8  27   0   0  53   0   3  24  27
   8  10  16   OPR   0   0      s[] :    0   0   0   0   1   2   3   4   8  27
  53   0   9   OPR   0   0      s[] : 
 === === ===   === === ===             === === === === === === === === === === === === === === === === === === ===
 p   b   t     f   l   a                 0   1   2   3   4   5   6   7   8   9  10  11  12  13  14  15  16  17  18
 end pl/0